H
1
1
2.0
-1.

HE
1
2
1.0
-1.0

C
1
6
1.
0.

AIR
4
6 7 8 18
.0003 1.5616 .4196 .0094
-1.

AL
1
13
1.
0.

AR
1
18
1.
-1.

AU
1
79
1.
0.

FE
1
26
1.
0.

CR
1
24
1.
0.

NI
1
28
1.0
0.


SI
1
14
1.
0.

P
1
15
1.
0.

S
1
16
1.
0.

MN
1
25
1.
0.

SUS
5
26   24   28   25    14
69   19.  9.0  2.0  1.0
7.7


BE
1
4
1.
0.

BUTANE
2
6 1
4. 10.
-1.

C3F8
2
6 9
3. 8.
-1.

KAPTON
4
6 1 7 8
22. 10. 2. 4.
1.11

KAPTON_NILACO
5
6 1 7 8 13
22. 10. 2. 7. 2.
1.420

HAVAR
5
27   26    24   28   74
42.5 17.86 20.0 13.0 2.8
8.3

HAVAR_LISE
5
27   24   28   26   74
42.  20.  13.  19.  1.
8.3

METHAN
2
6 1
1. 4.
-1.

MYLAR
3
6 1 8
10. 8. 4.
1.3825

P10GAS
3
18 6 1
0.9 0.1 0.4
-1.

P2GAS
3
18 6 1
0.98 0.02 0.08
-1.

PB
1
82
1.
0.

PLASTIC_NE104
2
6 1
1. 1.100
1.032

POLYETHYLENE
2
6 1
1. 2.
0.9375

CD2
2
6 1
1. 2.
1.0714

POLYPROPYLENE
2
6 1
3. 6.
0.9

POLYSTYRENE
2
6 1
8. 8.
1.04

SI
1
14
1.
0.

TEFLON
2
6 9
1. 2.
2.15

XE_90_CO2_10
3
6 8 54
.1 .2 .9
-1.

HE_90_CO2_10
3
2 6 8
.9 .1 .2
-1.

CsI
2
55 53
1. 1.
4.51

SiO2
2
14 8
1. 2.
2.2

Ta2O5
2
73 8
2. 5.
8.73

Al2O3
2
13 8
2. 3.
4.

CU
1
29
1.
0.

TI
1
22
1.
0.

WO3
2
74 8
1. 3.
7.15

Mo
1
42
1.
0.

CuBe
2
29 4
98. 2.
8.36

Li
1
3
1.
0.534

Li7
1
3
1.
0.540

Li6
1
3
1.
0.463

LiF
2
3 90
1. 1.
2.635

END

